[channel] varredura comeca em 0.08s; 2.0s de silencio depois dela
varredura 300-6000 Hz em 4.0s   (nivel relativo ao melhor ponto; SNR vs a sala em silencio)

   freq |  nivel | SNR dB | 
    338 |    0.0 |   10.6 | ##########
    412 |  -22.3 |  -10.0 | 
    488 |  -28.5 |  -14.6 | 
    562 |  -28.5 |  -14.9 | 
    638 |  -23.6 |  -11.2 | 
    712 |   -9.3 |    4.5 | ####
    788 |  -16.9 |   -4.4 | 
    862 |  -28.0 |  -13.3 | 
    938 |  -30.2 |  -15.9 | 
   1012 |  -19.2 |   -4.2 | 
   1088 |  -25.0 |   -7.9 | 
   1162 |  -27.4 |  -11.1 | 
   1238 |  -30.7 |  -14.2 | 
   1312 |  -30.6 |  -17.6 | 
   1388 |  -30.7 |  -14.8 | 
   1462 |  -33.5 |  -17.5 | 
   1538 |  -26.4 |   -9.5 | 
   1612 |  -31.9 |  -14.7 | 
   1688 |  -36.4 |  -19.4 | 
   1762 |  -34.5 |  -17.0 | 
   1838 |  -38.0 |  -20.4 | 
   1912 |  -34.3 |  -15.7 | 
   1988 |  -33.7 |  -16.4 | 
   2062 |  -40.6 |  -23.1 | 
   2138 |  -32.1 |  -17.5 | 
   2212 |  -39.1 |  -23.5 | 
   2288 |  -37.3 |  -18.1 | 
   2362 |  -38.0 |  -16.6 | 
   2438 |  -30.9 |   -8.6 | 
   2512 |  -41.5 |  -20.2 | 
   2588 |  -36.9 |  -14.1 | 
   2662 |  -46.5 |  -24.8 | 
   2738 |  -37.6 |  -16.0 | 
   2812 |  -37.9 |  -16.7 | 
   2888 |  -41.8 |  -19.0 | 
   2962 |  -41.2 |  -18.6 | 
   3038 |  -34.6 |  -13.6 | 
   3112 |  -42.1 |  -17.3 | 
   3188 |  -39.0 |  -13.5 | 
   3262 |  -40.7 |  -15.8 | 
   3338 |  -34.9 |   -9.8 | 
   3412 |  -46.1 |  -19.2 | 
   3488 |  -40.0 |  -15.2 | 
   3562 |  -44.6 |  -17.8 | 
   3638 |  -41.5 |  -17.4 | 
   3712 |  -40.8 |  -13.4 | 
   3788 |  -49.8 |  -23.5 | 
   3862 |  -45.6 |  -17.7 | 
   3938 |  -44.8 |  -19.0 | 
   4012 |  -38.8 |  -15.9 | 
   4088 |  -42.8 |  -15.8 | 
   4162 |  -48.9 |  -21.9 | 
   4238 |  -46.6 |  -20.5 | 
   4312 |  -40.8 |  -14.6 | 
   4388 |  -41.2 |  -15.5 | 
   4462 |  -44.5 |  -19.0 | 
   4538 |  -45.8 |  -18.7 | 
   4612 |  -41.2 |  -15.1 | 
   4688 |  -51.8 |  -23.7 | 
   4762 |  -48.8 |  -22.6 | 
   4838 |  -42.8 |  -15.2 | 
   4912 |  -46.1 |  -17.9 | 
   4988 |  -43.4 |  -14.8 | 
   5062 |  -42.8 |  -18.2 | 
   5138 |  -43.5 |  -15.5 | 
   5212 |  -48.4 |  -19.9 | 
   5288 |  -37.5 |  -11.3 | 
   5362 |  -53.4 |  -26.2 | 
   5438 |  -52.1 |  -23.9 | 
   5512 |  -42.0 |  -16.4 | 
   5588 |  -47.7 |  -23.6 | 
   5662 |  -46.6 |  -23.4 | 
   5738 |  -48.5 |  -28.8 | 
   5812 |  -46.2 |  -29.6 | 
   5888 |  -43.3 |  -27.4 | 
   5962 |  -42.8 |  -29.5 | 

melhores faixas (maior SNR primeiro):
      338 Hz    10.6 dB
      712 Hz     4.5 dB
     1012 Hz    -4.2 dB
      788 Hz    -4.4 dB
     1088 Hz    -7.9 dB
     2438 Hz    -8.6 dB
     1538 Hz    -9.5 dB
     3338 Hz    -9.8 dB
      412 Hz   -10.0 dB
     1162 Hz   -11.1 dB
      638 Hz   -11.2 dB
     5288 Hz   -11.3 dB
